26899
27424
50
6426333292330182147 0
14782194401724137475 3
812974383073763333 6
7190113800697184261 11
2421490330739171844 16
6321733446031528965 20
12736344030335842821 25
15665728076586023426 30
6737924902096233988 32
12420164637450604548 36
4268693229552286210 40
5999158891070092291 42
13348045384680254980 45
17628160230333522440 49
5493797974936368130 57
6053622678113765379 59
7621090240282984452 62
5428000476882029573 66
7878500851388604419 71
18202665100481151495 74
15903169500477829638 81
9436392785812228613 87
9180146938642579972 92
18050800272732696578 96
16061737191281427975 98
15446452423220789764 105
9000294930530661893 109
18165088546691097093 114
11869424754898893829 119
2064776917771882501 124
10720472153209722371 129
5477740473721849862 132
17951739103507446277 138
16268995089234693637 143
3482903756718028292 148
16987688556642310659 152
6854858857449507330 155
18347446751167835651 157
2433607721571659268 160
14726633942817803780 164
8288900588487325698 168
13156493120251779587 170
7753083128862676484 173
5685186765290308609 177
4576683811598697476 178
12059237370950477317 182
3617686914228071430 187
17581562784557434371 193
1522319673153759236 196
3061957024570339843 200
203
9870724565958788
9870724569235553
8126664
9870724569170065
8061107
5779476288762282039
9870724565827717
9870724569104482
1087507565178191881
12907694936847482902
530117487457140793
9870724565762182
5304739137970241562
9870724569038947
7930022
5322083323972878337
9870724565696647
9870724568973412
5214737420442796035
28766124488327209
4522175
681145240220991558
14912242162891554848
9870724565631112
9870724568907877
9870724565565577
4456647
5903884228619468800
417019854866
6474545510181175388
4391108
9870724565500042
9870724565434507
7602356
17943317531894611988
5622264654903377972
9870724565368972
4260041
17957750408840478782
7536786
9870724565303437
4194485
4128953
9870724568514662
9870724565237902
9870724565172367
2792183694107934799
28766150282772524
4063400
13221120945827217444
3997846
7200745020877111339
12745284836564402230
6206321673575530579
7274669
9870724565106832
9870724568383591
451412623413
3932342
8709404576118145043
7143588
3866811
8196427708865183768
9870724568186984
4762041377741013064
3801236
3735721
13587342997284847631
6064762127302393860
5565348523104796720
9870724568121449
9870724568055914
17281346113764261977
3670210
13314312620076367940
6206321673575137362
451412295731
9870724567990379
3962033064701198401
3604639
8546110570922508316
9870724567924844
3539142
5458848655886516263
9870724571201629
12424056059810414632
14357225009116545097
3473566
9870724571136094
10757572347027849227
9870724567859309
477207134274
3408060
9870724571070559
16262066865917198385
12170437818322780218
3342501
9870724571005024
5793852920991186956
3276997
34124461934313563
6173800107753209858
6553751
5516328837686165551
28484155375157286
3211456
32996413518839894
477206872128
32150372909514827
8489472692513341470
28484129580056611
5236538400587972689
3145903
2840921393218453584
6357000
9870724567466094
5352348801563951131
3080353
451411771442
3014834
6291626
10907429529076432986
15782158779298283553
9870724567400559
498702418005
15811084091959541827
9870724567335024
6226097
6094112892247932997
2883777
6160560
5425080494120894487
2818251
27356072567767056
16285378285009240069
9870724567203953
6155298040667701325
6095020
29048170984767534
6029486
9870724567138418
27920040887058453
2752669
9870724567072883
5963930
5461104791407165482
477206347839
2687138
2621642
7144510393883295778
9870724567007348
27356063969247246
9870724566941813
29048119394631687
2556060
9870724566876278
2490520
2424995
4133802663562969098
9870724566810743
5352348805862391837
9870724566745208
12698591854931279928
2359500
9870724566679673
5570709
12013377154952462407
2293920
9870724566614138
2228414
9870724566548603
2162855
5439671
15524263781940133948
9870724566483068
32714349826080852
1738375436161122317
9870724566417533
9870724566351998
6364097396127826008
11078764008409989137
5243033
32432372115701838
13650504529854070821
9870724566286463
1133620917580464159
5177533
5835546371351183421
13177769285178032187
16149105318148964439
9870724566220928
32150286928183370
5112003
5250413499738685485
9870724566155393
5046427
8257720
9870724566089858
4980883
3221822110943150156
8192186
4915371
9870724566024323
2
3
4
